2
10
11
12
13
14
15
16
17
18
19
20
100
101
102
103
104
105
106
107
108
109
110
111
112
113
114
115
116
117
118
119
120
121
122
123
124
125
126
127
128
129
130
131
132
133
134
135
136
137
138
139
140
141
142
143
144
145
146
147
148
149
150
151
152
153
154
155
156
157
158
159
160
161
162
163
164
165
166
167
168
169
170
171
172
173
174
175
176
177
178
179
180
181
182
183
184
186
187
188
189
190
191
192
193
194
195
196
197
198
199
200
201
202
203
204
205
206
207
1001
1002
1003
1007
1008
1009
1010
1011
1012
1013
1016
1017
1023
1027
1028
1033
1034
1036
1037
1038
1039
1040
1042
1043
1045
1046
1048
1049
1051
1055
1056
1061
1064
1066
1067
1068
1070
1073
1076
1079
1083
1084
1089
1097
1098
1111
1112
1125
1126
1139
1140
1150
1156
1157
1161
1162
1163
1164
1165
1166
1180
1181
1182
1183
1884
1885
1887
1920
1921
1923
1924
1925
1926
1928
1929
1930
1932
1933
1934
1936
1937
1938
1939
1940
1941
1943
1946
1947
1948
1949
1950
1952
1954
1955
1956
1957
1958
1959
1960
1961
1962
1963
1964
1965
1966
1967
1968
1969
1970
1971
1973
1974
1975
1976
1977
1978
1979
1980
1981
1982
1983
1984
1986
1987
1988
1989
1990
1991
1993
1994
1996
1998
1999
2000
2001
2002
2003
2004
2005
2006
2008
2009
2010
2011
2012
2013
2014
2015
2016
2017
2018
2019
2020
2021
2022
2023
2024
2025
2026
2027
2028
2029
2030
2031
2032
2033
2034
2035
2036
2037
2038
2039
2040
2041
2042
2043
2044
2045
2046
2047
2048
2049
2050
2051
2053
2054
2056
2057
2058
2059
2060
2062
2063
2064
2065
2066
2067
2068
2069
2070
2071
2072
2073